Ugs = [     1 1.00174 1.00694 1.01562 1.02778 1.0434 1.0625 1.08507 1.11111 1.14062 1.17361 1.21007   1.25 1.2934 1.34028 1.39062 1.44444 1.50174 1.5625 1.62674 1.69444 1.76562 1.84028 1.9184      2 
0.998264 0.999997 1.0052 1.01386 1.02599 1.04159 1.06066 1.08319 1.10918 1.13864 1.17157 1.20797 1.24783 1.29116 1.33795 1.38821 1.44194 1.49913 1.55979 1.62391 1.6915 1.76256 1.83708 1.91507 1.99653 
0.993056 0.99478 0.999952 1.00857 1.02064 1.03616 1.05512 1.07753 1.1034 1.1327 1.16546 1.20167 1.24132 1.28442 1.33097 1.38097 1.43441 1.49131 1.55165 1.61544 1.68268 1.75336 1.8275 1.90508 1.98611 
0.984375 0.986084 0.991211 0.999756 1.01172 1.0271 1.0459 1.06812 1.09375 1.1228 1.15527 1.19116 1.23047 1.27319 1.31934 1.3689 1.42187 1.47827 1.53809 1.60132 1.66797 1.73804 1.81152 1.88843 1.96875 
0.972222 0.97391 0.978974 0.987413 0.999228 1.01442 1.03299 1.05493 1.08025 1.10894 1.14101 1.17646 1.21528 1.25747 1.30305  1.352 1.40432 1.46002 1.5191 1.58155 1.64738 1.71658 1.78916 1.86511 1.94444 
0.956597 0.958258 0.96324 0.971544 0.983169 0.998116 1.01638 1.03797 1.06289 1.09112 1.12267 1.15755 1.19575 1.23727 1.28211 1.33027 1.38175 1.43656 1.49468 1.55613 1.6209 1.68899 1.7604 1.83514 1.91319 
0.9375 0.939128 0.94401 0.952148 0.963542 0.97819 0.996094 1.01725 1.04167 1.06934 1.10026 1.13444 1.17187 1.21257 1.25651 1.30371 1.35417 1.40788 1.46484 1.52507 1.58854 1.65527 1.72526 1.7985  1.875 
0.914931 0.916519 0.921284 0.929226 0.940345 0.954641 0.972114 0.992763 1.01659 1.04359 1.07377 1.10713 1.14366 1.18337 1.22626 1.27233 1.32157 1.37398 1.42958 1.48835 1.5503 1.61542 1.68373 1.75521 1.82986 
0.888889 0.890432 0.895062 0.902778 0.91358 0.927469 0.944444 0.964506 0.987654 1.01389 1.04321 1.07562 1.11111 1.14969 1.19136 1.23611 1.28395 1.33488 1.38889 1.44599 1.50617 1.56944 1.6358 1.70525 1.77778 
0.859375 0.860867 0.865343 0.872803 0.883247 0.896674 0.913086 0.932482 0.954861 0.980225 1.00857 1.0399 1.07422 1.11152 1.1518 1.19507 1.24132 1.29055 1.34277 1.39798 1.45616 1.51733 1.58149 1.64863 1.71875 
0.826389 0.827824 0.832128 0.839301 0.849344 0.862256 0.878038 0.896689 0.91821 0.9426 0.969859 0.999988 1.03299 1.06885 1.10759 1.1492 1.19367 1.24102 1.29123 1.34432 1.40027 1.45909 1.52079 1.58535 1.65278 
0.789931 0.791302 0.795416 0.802273 0.811873 0.824216 0.839301 0.857129 0.877701 0.901015 0.927071 0.955871 0.987413 1.0217 1.05873 1.0985 1.14101 1.18627 1.23427 1.28501 1.33849 1.39472 1.45369 1.5154 1.57986 
  0.75 0.751302 0.755208 0.761719 0.770833 0.782552 0.796875 0.813802 0.833333 0.855469 0.880208 0.907552 0.9375 0.970052 1.00521 1.04297 1.08333 1.1263 1.17187 1.22005 1.27083 1.32422 1.38021 1.4388    1.5 
0.706597 0.707824 0.711504 0.717638 0.726225 0.737265 0.75076 0.766707 0.785108 0.805962 0.82927 0.855032 0.883247 0.913915 0.947037 0.982612 1.02064 1.06112 1.10406 1.14945 1.19729 1.24759 1.30034 1.35554 1.41319 
0.659722 0.660868 0.664304 0.67003 0.678048 0.688356 0.700955 0.715844 0.733025 0.752496 0.774257 0.79831 0.824653 0.853287 0.884211 0.917426 0.952932 0.990729 1.03082 1.07319 1.11786 1.16482 1.21407 1.26561 1.31944 
0.609375 0.610433 0.613607 0.618896 0.626302 0.635824 0.647461 0.661214 0.677083 0.695068 0.715169 0.737386 0.761719 0.788167 0.816732 0.847412 0.880208 0.91512 0.952148 0.991292 1.03255 1.07593 1.12142 1.16903 1.21875 
0.555556 0.55652 0.559414 0.564236 0.570988 0.579668 0.590278 0.602816 0.617284 0.633681 0.652006 0.672261 0.694444 0.718557 0.744599 0.772569 0.802469 0.834298 0.868056 0.903742 0.941358 0.980903 1.02238 1.06578 1.11111 
0.498264 0.499129 0.501724 0.506049 0.512105 0.51989 0.529405 0.540651 0.553627 0.568332 0.584768 0.602934 0.62283 0.644456 0.667812 0.692898 0.719714 0.748261 0.778537 0.810544 0.84428 0.879747 0.916944 0.955871 0.996528 
0.4375 0.43826 0.440538 0.444336 0.449653 0.456489 0.464844 0.474718 0.486111 0.499023 0.513455 0.529405 0.546875 0.565864 0.586372 0.608398 0.631944 0.65701 0.683594 0.711697 0.741319 0.772461 0.805122 0.839301  0.875 
0.373264 0.373912 0.375856 0.379096 0.383632 0.389465 0.396593 0.405017 0.414738 0.425754 0.438067 0.451675 0.46658 0.482781 0.500277 0.51907 0.539159 0.560544 0.583225 0.607202 0.632475 0.659044 0.686909 0.71607 0.746528 
0.305556 0.306086 0.307677 0.31033 0.314043 0.318818 0.324653 0.331549 0.339506 0.348524 0.358603 0.369743 0.381944 0.395206 0.409529 0.424913 0.441358 0.458864 0.477431 0.497058 0.517747 0.539497 0.562307 0.586179 0.611111 
0.234375 0.234782 0.236003 0.238037 0.240885 0.244548 0.249023 0.254313 0.260417 0.267334 0.275065 0.28361 0.292969 0.303141 0.314128 0.325928 0.338542 0.351969 0.366211 0.381266 0.397135 0.413818 0.431315 0.449626 0.46875 
0.159722   0.16 0.160831 0.162218 0.164159 0.166655 0.169705 0.17331 0.177469 0.182183 0.187452 0.193275 0.199653 0.206585 0.214072 0.222114 0.23071 0.239861 0.249566 0.259826 0.27064 0.28201 0.293933 0.306412 0.319444 
0.0815972 0.0817389 0.0821639 0.0828722 0.0838638 0.0851388 0.086697 0.0885387 0.0906636 0.0930718 0.0957634 0.0987383 0.101997 0.105538 0.109363 0.113471 0.117863 0.122537 0.127496 0.132737 0.138262 0.14407 0.150162 0.156536 0.163194 
     0      0      0      0      0      0      0      0      0      0      0      0      0      0      0      0      0      0      0      0      0      0      0      0      0 
];
