U = [     1 1.00277 1.01108 1.02493 1.04432 1.06925 1.09972 1.13573 1.17729 1.22438 1.27701 1.33518 1.39889 1.46814 1.54294 1.62327 1.70914 1.80055 1.89751      2 
0.99723 0.999992 1.00828 1.02209 1.04143 1.06629 1.09668 1.13259 1.17402 1.22099 1.27347 1.33148 1.39502 1.46408 1.53866 1.61877 1.70441 1.79557 1.89225 1.99446 
0.98892 0.991659 0.999877 1.01357 1.03275 1.0574 1.08754 1.12315 1.16424 1.21081 1.26286 1.32039 1.38339 1.45188 1.52584 1.60528 1.6902 1.7806 1.87648 1.97784 
0.975069 0.97777 0.985873 0.999378 1.01829 1.04259 1.07231 1.10742 1.14793 1.19385 1.24517 1.30189 1.36402 1.43154 1.50447 1.5828 1.66653 1.75566 1.8502 1.95014 
0.955679 0.958326 0.966268 0.979504 0.998036 1.02186 1.05098 1.0854 1.12511 1.17011 1.22041  1.276 1.33689 1.40307 1.47455 1.55132 1.63339 1.72075 1.81341 1.91136 
0.930748 0.933326 0.941061 0.953952  0.972 0.995204 1.02356 1.05708 1.09576 1.13959 1.18857 1.24272 1.30202 1.36647 1.43608 1.51085 1.59078 1.67586 1.7661 1.8615 
0.900277 0.902771 0.910252 0.922722 0.940178 0.962623 0.990055 1.02248 1.05988 1.10228 1.14966 1.20203 1.25939 1.32174 1.38907 1.46139 1.5387  1.621 1.70828 1.80055 
0.864266 0.86666 0.873842 0.885813 0.902571 0.924118 0.950453 0.981576 1.01749 1.05819 1.10367 1.15395 1.20901 1.26887 1.33351 1.40294 1.47715 1.55616 1.63995 1.72853 
0.822715 0.824994 0.831831 0.843226 0.859178 0.879689 0.904758 0.934385 0.96857 1.00731 1.05061 1.09847 1.15089 1.20786 1.2694 1.33549 1.40614 1.48134 1.56111 1.64543 
0.775623 0.777772 0.784217 0.79496   0.81 0.829337 0.852971 0.880902 0.91313 0.949655 0.990477 1.0356 1.08501 1.13873 1.19674 1.25904 1.32565 1.39655 1.47175 1.55125 
0.722992 0.724994 0.731003 0.741016 0.755036 0.77306 0.795091 0.821126 0.851167 0.885214 0.923266 0.965324 1.01139 1.06146 1.11553 1.17361 1.23569 1.30179 1.37188 1.44598 
0.66482 0.666662 0.672186 0.681394 0.694286 0.71086 0.731118 0.755059 0.782683 0.81399 0.848981 0.887654 0.930011 0.976051 1.02577 1.07918 1.13627 1.19704 1.2615 1.32964 
0.601108 0.602773 0.607769 0.616094 0.62775 0.642736 0.661052 0.682699 0.707676 0.735983 0.76762 0.802587 0.840885 0.882513 0.927471 0.97576 1.02738 1.08233 1.14061 1.20222 
0.531856 0.533329 0.537749 0.545116 0.555429 0.568688 0.584894 0.604047 0.626146 0.651192 0.679184 0.710123 0.744009 0.780841 0.82062 0.863345 0.909017 0.957635 1.0092 1.06371 
0.457064 0.45833 0.462128 0.468459 0.477321 0.488716 0.502643 0.519103 0.538094 0.559618 0.583674 0.610262 0.639383 0.671035 0.70522 0.741937 0.781186 0.822968 0.867282 0.914127 
0.376731 0.377775 0.380906 0.386123 0.393429 0.402821 0.4143 0.427867 0.44352 0.461261 0.481089 0.503004 0.527006 0.553096 0.581272 0.611536 0.643887 0.678325 0.71485 0.753463 
0.290859 0.291664 0.294082 0.29811 0.30375 0.311001 0.319864 0.330338 0.342424 0.356121 0.371429 0.388349 0.40688 0.427022 0.448776 0.472142 0.497119 0.523707 0.551906 0.581717 
0.199446 0.199998 0.201656 0.204418 0.208286 0.213258 0.219335 0.226518 0.234805 0.244197 0.254694 0.266296 0.279003 0.292815 0.307732 0.323754 0.340881 0.359113 0.37845 0.398892 
0.102493 0.102777 0.103629 0.105048 0.107036 0.109591 0.112714 0.116405 0.120664 0.12549 0.130885 0.136847 0.143377 0.150475 0.15814 0.166374 0.175175 0.184544 0.194481 0.204986 
     0      0      0      0      0      0      0      0      0      0      0      0      0      0      0      0      0      0      0      0 
