u_inners = [ 1.000  1.012  1.031  1.058  1.093  1.136  1.187  1.245  1.311  1.385  1.467  1.556  1.654  1.759  1.872  0.988  1.000  1.019  1.046  1.081  1.123  1.173  1.230  1.296  1.369  1.450  1.538  1.634  1.738  1.850  0.969  0.980  0.999  1.025  1.059  1.101  1.150  1.206  1.270  1.342  1.421  1.508  1.602  1.704  1.813  0.941  0.952  0.970  0.996  1.029  1.069  1.117  1.172  1.234  1.304  1.381  1.465  1.556  1.655  1.761  0.906  0.916  0.934  0.959  0.990  1.029  1.075  1.128  1.188  1.255  1.329  1.410  1.498  1.593  1.695  0.863  0.873  0.890  0.913  0.943  0.980  1.024  1.074  1.131  1.195  1.266  1.343  1.427  1.517  1.615  0.812  0.821  0.837  0.859  0.888  0.922  0.963  1.011  1.064  1.124  1.191  1.263  1.342  1.428  1.519  0.753  0.762  0.776  0.797  0.823  0.855  0.894  0.937  0.987  1.043  1.104  1.172  1.245  1.324  1.409  0.686  0.694  0.708  0.726  0.750  0.780  0.814  0.854  0.900  0.951  1.007  1.068  1.135  1.207  1.284  0.612  0.619  0.631  0.647  0.669  0.695  0.726  0.762  0.802  0.847  0.897  0.952  1.012  1.076  1.145  0.529  0.536  0.546  0.560  0.579  0.602  0.628  0.659  0.694  0.733  0.777  0.824  0.875  0.931  0.991  0.439  0.444  0.453  0.465  0.480  0.499  0.521  0.547  0.576  0.608  0.644  0.684  0.726  0.772  0.822  0.341  0.345  0.352  0.361  0.373  0.388  0.405  0.425  0.447  0.473  0.500  0.531  0.564  0.600  0.639  0.235  0.238  0.243  0.249  0.257  0.267  0.279  0.293  0.309  0.326  0.345  0.366  0.389  0.414  0.440  0.122  0.123  0.125  0.129  0.133  0.138  0.144  0.151  0.159  0.168  0.178  0.189  0.201  0.214  0.228 ];
