U = [     1 1.0625   1.25 1.5625      2 
0.9375 0.996094 1.17187 1.46484  1.875 
  0.75 0.796875 0.9375 1.17187    1.5 
0.4375 0.464844 0.546875 0.683594  0.875 
     0      0      0      0      0 
];
