u_inners = [ 1.000  1.008  1.022  1.041  1.066  1.097  1.133  1.174  1.221  1.273  1.331  1.395  1.464  1.539  1.619  1.704  1.796  1.892  0.992  1.000  1.014  1.033  1.057  1.088  1.123  1.164  1.211  1.263  1.320  1.383  1.452  1.526  1.605  1.690  1.781  1.876  0.978  0.986  0.999  1.018  1.043  1.072  1.107  1.148  1.194  1.245  1.302  1.364  1.432  1.504  1.583  1.667  1.756  1.850  0.958  0.966  0.980  0.998  1.022  1.051  1.085  1.125  1.170  1.220  1.276  1.337  1.403  1.475  1.551  1.633  1.721  1.813  0.933  0.941  0.954  0.972  0.995  1.024  1.057  1.096  1.140  1.189  1.243  1.302  1.366  1.436  1.511  1.591  1.676  1.766  0.903  0.910  0.923  0.940  0.963  0.990  1.022  1.060  1.102  1.150  1.202  1.259  1.322  1.389  1.461  1.539  1.621  1.708  0.867  0.874  0.886  0.903  0.924  0.950  0.982  1.017  1.058  1.104  1.154  1.209  1.269  1.334  1.403  1.477  1.556  1.640  0.825  0.832  0.843  0.859  0.880  0.905  0.934  0.969  1.007  1.051  1.098  1.151  1.208  1.269  1.335  1.406  1.481  1.561  0.778  0.784  0.795  0.810  0.829  0.853  0.881  0.913  0.950  0.990  1.036  1.085  1.139  1.197  1.259  1.326  1.397  1.472  0.725  0.731  0.741  0.755  0.773  0.795  0.821  0.851  0.885  0.923  0.965  1.011  1.061  1.116  1.174  1.236  1.302  1.372  0.667  0.672  0.681  0.694  0.711  0.731  0.755  0.783  0.814  0.849  0.888  0.930  0.976  1.026  1.079  1.136  1.197  1.262  0.603  0.608  0.616  0.628  0.643  0.661  0.683  0.708  0.736  0.768  0.803  0.841  0.883  0.927  0.976  1.027  1.082  1.141  0.533  0.538  0.545  0.555  0.569  0.585  0.604  0.626  0.651  0.679  0.710  0.744  0.781  0.821  0.863  0.909  0.958  1.009  0.458  0.462  0.468  0.477  0.489  0.503  0.519  0.538  0.560  0.584  0.610  0.639  0.671  0.705  0.742  0.781  0.823  0.867  0.378  0.381  0.386  0.393  0.403  0.414  0.428  0.444  0.461  0.481  0.503  0.527  0.553  0.581  0.612  0.644  0.678  0.715  0.292  0.294  0.298  0.304  0.311  0.320  0.330  0.342  0.356  0.371  0.388  0.407  0.427  0.449  0.472  0.497  0.524  0.552  0.200  0.202  0.204  0.208  0.213  0.219  0.227  0.235  0.244  0.255  0.266  0.279  0.293  0.308  0.324  0.341  0.359  0.378  0.103  0.104  0.105  0.107  0.110  0.113  0.116  0.121  0.125  0.131  0.137  0.143  0.150  0.158  0.166  0.175  0.185  0.194 ];
