U = [     1 1.00391 1.01562 1.03516 1.0625 1.09766 1.14062 1.19141   1.25 1.31641 1.39062 1.47266 1.5625 1.66016 1.76562 1.87891      2 
0.996094 0.999985 1.01166 1.03111 1.05835 1.09337 1.13617 1.18675 1.24512 1.31126 1.38519 1.4669 1.5564 1.65367 1.75873 1.87157 1.99219 
0.984375 0.98822 0.999756 1.01898 1.0459 1.08051 1.1228 1.17279 1.23047 1.29584 1.3689 1.44965 1.53809 1.63422 1.73804 1.84955 1.96875 
0.964844 0.968613 0.979919 0.998764 1.02515 1.05907 1.10052 1.14952 1.20605 1.27013 1.34174 1.42088 1.50757 1.60179 1.70355 1.81285 1.92969 
0.9375 0.941162 0.952148 0.970459 0.996094 1.02905 1.06934 1.11694 1.17187 1.23413 1.30371 1.38062 1.46484 1.5564 1.65527 1.76147  1.875 
0.902344 0.905869 0.916443 0.934067 0.95874 0.990463 1.02924 1.07506 1.12793 1.18785 1.25482 1.32884 1.40991 1.49803 1.5932 1.69542 1.80469 
0.859375 0.862732 0.872803 0.889587 0.913086 0.943298 0.980225 1.02386 1.07422 1.13129 1.19507 1.26556 1.34277 1.4267 1.51733 1.61469 1.71875 
0.808594 0.811752 0.821228 0.837021 0.859131 0.887558 0.922302 0.963364 1.01074 1.06444 1.12445 1.19078 1.26343 1.34239 1.42767 1.51927 1.61719 
  0.75 0.75293 0.761719 0.776367 0.796875 0.823242 0.855469 0.893555 0.9375 0.987305 1.04297 1.10449 1.17187 1.24512 1.32422 1.40918    1.5 
0.683594 0.686264 0.694275 0.707626 0.726318 0.750351 0.779724 0.814438 0.854492 0.899887 0.950623 1.0067 1.06812 1.13487 1.20697 1.28441 1.36719 
0.609375 0.611755 0.618896 0.630798 0.647461 0.668884 0.695068 0.726013 0.761719 0.802185 0.847412 0.8974 0.952148 1.01166 1.07593 1.14496 1.21875 
0.527344 0.529404 0.535583 0.545883 0.560303 0.578842 0.601501 0.628281 0.65918 0.694199 0.733337 0.776596 0.823975 0.875473 0.931091 0.990829 1.05469 
0.4375 0.439209 0.444336 0.452881 0.464844 0.480225 0.499023 0.52124 0.546875 0.575928 0.608398 0.644287 0.683594 0.726318 0.772461 0.822021  0.875 
0.339844 0.341171 0.345154 0.351791 0.361084 0.373032 0.387634 0.404892 0.424805 0.447372 0.472595 0.500473 0.531006 0.564194 0.600037 0.638535 0.679688 
0.234375 0.235291 0.238037 0.242615 0.249023 0.257263 0.267334 0.279236 0.292969 0.308533 0.325928 0.345154 0.366211 0.389099 0.413818 0.440369 0.46875 
0.121094 0.121567 0.122986 0.125351 0.128662 0.132919 0.138123 0.144272 0.151367 0.159409 0.168396 0.178329 0.189209 0.201035 0.213806 0.227524 0.242188 
     0      0      0      0      0      0      0      0      0      0      0      0      0      0      0      0      0 
];
